90
587867
374741
768386
757319
10485
201568
660308
484774
62587
884180
578980
964418
237040
47484
89402
810575
534879
938146
453229
658662
174290
863008
435249
63130
284741
867489
230581
440596
47785
597156
81443
860396
343316
987861
153611
32619
291959
322425
120734
107583
610246
677312
412621
403821
917158
188367
517690
573207
192734
768155
995575
406276
99554
212737
385982
956917
284907
406740
471003
407389
890889
951623
930274
213221
584468
736748
597609
286322
290177
547855
718809
325366
779654
871406
880411
57748
708487
663480
434947
423396
531882
721502
104166
62449
416255
109507
938248
465931
256452
236022